277.031341553 19 4.500000000
277.031341553 22 2.833333254
277.031341553 24 46.000000000
277.031341553 26 49.166667938
277.031341553 28 52.833332062
277.031341553 30 50.166667938
277.031341553 32 8.333333015
277.031341553 34 9.833333015
277.081329346 21 10.285714149
277.081329346 24 14.000000000
277.081329346 27 34.142856598
277.081329346 29 172.000000000
277.081329346 31 63.285713196
277.081329346 33 20.428571701
277.081329346 36 2.285714388
277.081329346 193 3.000000000
277.131317139 21 4.428571224
277.131317139 24 11.714285851
277.131317139 27 7.428571224
277.131317139 29 26.714284897
277.131317139 31 75.000000000
277.131317139 33 58.285713196
277.131317139 35 84.428573608
277.131317139 37 40.000000000
277.131317139 39 4.857142925
277.131317139 50 9.142857552
277.181304932 23 13.000000000
277.181304932 26 124.571426392
277.181304932 28 160.000000000
277.181304932 30 72.571426392
277.181304932 32 99.285713196
277.181304932 34 87.285713196
277.181304932 36 66.285713196
277.181304932 38 3.571428537
277.231292725 19 12.000000000
277.231292725 23 2.714285612
277.231292725 25 3.428571463
277.231292725 27 8.285714149
277.231292725 29 34.571430206
277.231292725 31 68.714286804
277.231292725 33 67.428573608
277.231292725 35 69.714286804
277.231292725 37 25.571428299
277.231292725 40 2.428571463
277.281280518 18 2.428571463
277.281280518 24 8.000000000
277.281280518 32 17.428571701
277.281280518 34 103.714286804
277.281280518 36 113.142860413
277.281280518 38 99.714286804
277.281280518 40 2.571428537
277.331268311 28 2.000000000
277.331268311 32 31.571428299
277.331268311 34 33.857143402
277.331268311 36 36.142856598
277.331268311 38 34.857143402
277.331268311 40 19.142856598
277.331268311 42 12.285714149
277.331268311 73 2.142857075
277.381256104 21 3.857142925
277.381256104 31 1.857142806
277.381256104 33 9.571428299
277.381256104 35 0.571428597
277.381256104 38 14.571428299
277.381256104 41 9.571428299
277.381256104 43 11.571428299
277.381256104 50 2.000000000
277.431243896 17 2.166666746
277.431243896 19 94.333335876
277.431243896 21 11.000000000
277.431243896 32 12.166666985
277.431243896 34 17.166666031
277.481231689 17 4.714285851
277.481231689 21 12.428571701
277.481231689 32 3.714285612
277.481231689 34 20.142856598
277.531219482 19 8.428571701
277.531219482 29 2.142857075
277.531219482 33 12.142857552
277.531219482 35 2.000000000
277.581207275 32 2.000000000
277.581207275 34 9.428571701
277.581207275 42 2.714285612
277.631195068 24 13.285714149
277.631195068 31 3.142857075
277.631195068 33 22.714284897
277.631195068 35 0.428571433
277.631195068 122 2.000000000
277.681182861 26 4.142857075
277.681182861 33 13.857142448
277.731170654 21 6.428571224
277.731170654 27 18.571428299
277.731170654 30 3.571428537
277.731170654 33 20.428571701
277.731170654 35 2.428571463
277.781158447 27 6.000000000
277.781158447 30 2.142857075
277.781158447 33 22.428571701
277.781158447 35 4.142857075
277.831146240 31 4.500000000
277.831146240 33 29.000000000
277.831146240 35 5.666666508
277.831146240 43 2.166666746
277.831146240 84 5.833333492
277.881134033 26 2.000000000
277.881134033 32 15.285714149
277.881134033 34 15.571428299
277.881134033 36 1.142857194
277.881134033 46 0.571428597
277.931121826 17 6.714285851
277.931121826 19 45.857143402
277.931121826 21 40.857143402
277.931121826 23 34.000000000
277.931121826 25 67.000000000
277.931121826 27 14.000000000
277.931121826 29 1.714285731
277.931121826 31 4.571428776
277.931121826 33 20.428571701
277.931121826 35 9.142857552
277.981109619 17 50.571430206
277.981109619 19 108.428573608
277.981109619 21 17.857143402
277.981109619 23 49.142856598
277.981109619 25 305.000000000
277.981109619 27 27.285715103
277.981109619 29 9.714285851
277.981109619 31 9.857142448
277.981109619 33 61.714286804
277.981109619 35 7.428571224
277.981109619 38 3.000000000
278.031097412 18 10.714285851
278.031097412 20 6.571428776
278.031097412 23 3.571428537
278.031097412 25 36.142856598
278.031097412 27 18.142856598
278.031097412 29 28.000000000
278.031097412 31 15.857142448
278.031097412 33 122.571426392
278.031097412 35 36.857143402
278.031097412 37 1.428571463
278.031097412 153 5.857142925
278.081085205 21 22.714284897
278.081085205 26 5.000000000
278.081085205 28 40.571430206
278.081085205 30 28.428571701
278.081085205 32 83.285713196
278.081085205 34 103.000000000
278.081085205 37 0.571428597
278.131072998 20 17.428571701
278.131072998 22 8.571428299
278.131072998 24 10.857142448
278.131072998 28 5.857142925
278.131072998 30 96.571426392
278.131072998 32 77.571426392
278.131072998 34 84.428573608
278.131072998 36 20.142856598
278.131072998 39 3.000000000
278.131072998 58 2.285714388
278.181060791 22 5.000000000
278.181060791 25 25.857143402
278.181060791 27 29.142856598
278.181060791 29 9.714285851
278.181060791 31 47.142856598
278.181060791 33 179.142852783
278.181060791 35 48.714286804
278.181060791 46 3.714285612
278.231048584 19 2.666666746
278.231048584 25 7.666666508
278.231048584 30 18.833333969
278.231048584 32 84.333335876
278.231048584 34 170.500000000
278.231048584 36 4.666666508
278.231048584 38 4.166666508
278.231048584 46 6.500000000
278.281036377 26 10.142857552
278.281036377 29 21.857143402
278.281036377 31 12227.713867188
278.281036377 33 56844.144531250
278.281036377 35 30674.714843750
278.281036377 37 2025.428588867
278.281036377 39 169.428573608
278.281036377 41 30.000000000
278.281036377 43 2.714285612
278.281036377 46 8.857142448
278.281036377 50 2.285714388
278.281036377 55 7.714285851
278.281036377 129 6.000000000
278.331024170 18 7.428571224
278.331024170 31 31.857143402
278.331024170 33 1565.571411133
278.331024170 35 16.000000000
278.331024170 37 34.285713196
278.331024170 39 10.571428299
278.331024170 41 3.571428537
278.331024170 43 4.428571224
278.381011963 21 4.714285851
278.381011963 30 1.857142806
278.381011963 32 1113.285766602
278.381011963 34 2205.285644531
278.381011963 36 60.000000000
278.381011963 38 0.857142866
278.430999756 17 10.000000000
278.430999756 19 12.714285851
278.430999756 21 20.285715103
278.430999756 23 4.857142925
278.430999756 32 939.714294434
278.430999756 34 1915.285766602
278.430999756 36 58.428569794
278.430999756 38 1.714285731
278.480987549 17 14.285714149
278.480987549 19 27.571428299
278.480987549 21 26.857143402
278.480987549 31 231.285720825
278.480987549 33 12898.713867188
278.480987549 35 2694.714355469
278.480987549 37 3.428571463
278.480987549 41 1.857142806
278.480987549 66 2.428571463
278.530975342 20 8.142857552
278.530975342 30 2.142857075
278.530975342 32 667.142883301
278.530975342 34 511.428558350
278.530975342 36 155.428573608
278.580963135 16 3.666666746
278.580963135 22 2.166666746
278.580963135 31 44.666667938
278.580963135 33 1507.333374023
278.580963135 35 445.166656494
278.630950928 20 9.142857552
278.630950928 27 1.857142806
278.630950928 31 52.428569794
278.630950928 33 1955.285766602
278.630950928 35 554.714294434
278.630950928 58 1.857142806
278.680938721 19 2.000000000
278.680938721 25 3.857142925
278.680938721 30 3.000000000
278.680938721 32 449.571441650
278.680938721 34 798.428588867
278.680938721 36 15.428571701
278.680938721 57 6.571428776
278.730926514 19 0.428571433
278.730926514 31 127.857139587
278.730926514 33 355.571441650
278.730926514 35 305.285705566
278.730926514 37 0.571428597
278.780914307 32 132.142852783
278.780914307 34 234.285720825
278.780914307 36 6.857142925
278.830902100 30 4.714285851
278.830902100 33 467.000000000
278.830902100 35 83.571426392
278.830902100 37 3.428571463
278.880889893 27 3.571428537
278.880889893 29 5.857142925
278.880889893 33 9.142857552
278.880889893 35 4.000000000
278.930877686 17 31.833333969
278.930877686 19 51.000000000
278.930877686 21 43.166667938
278.930877686 23 48.833332062
278.930877686 25 85.000000000
278.930877686 27 5.333333492
278.930877686 29 17.166666031
278.930877686 31 14.500000000
278.930877686 33 7.666666508
278.930877686 35 0.500000000
278.980865479 16 13.428571701
278.980865479 18 57.857143402
278.980865479 20 70.857139587
278.980865479 22 23.000000000
278.980865479 24 26.857143402
278.980865479 26 42.285713196
278.980865479 28 10.857142448
278.980865479 30 79.571426392
278.980865479 32 73.428573608
278.980865479 34 174.857147217
278.980865479 36 5.571428776
278.980865479 46 1.857142806
